5.588888888888889
7.215
6.543888888888889
7.07462962962963
5.6540740740740745
6.699814814814815
5.530925925925926
5.470740740740741
5.056666666666667
5.344814814814815
4.905185185185185
6.510185185185185
5.053148148148148
5.07962962962963
5.2988888888888885
4.737592592592593
4.787222222222222
5.728148148148148
4.797777777777778
6.099444444444444
5.057777777777778
5.55
5.248518518518519
4.706296296296296
4.267777777777778
4.682592592592592
4.211666666666667
3.9588888888888887
3.9296296296296296
4.045740740740741
3.866111111111111
4.101851851851852
3.937962962962963
4.756851851851851
4.5996296296296295
4.863333333333333
3.9303703703703703
3.6085185185185185
3.849814814814815
3.841851851851852
3.893148148148148
3.837222222222222
3.8564814814814814
3.6305555555555555
4.061296296296296
3.634074074074074
4.378148148148148
3.941666666666667
3.5444444444444443
3.826111111111111
3.7955555555555556
3.7374074074074075
3.5264814814814813
3.783148148148148
3.6444444444444444
3.541851851851852
3.3777777777777778
3.3505555555555557
3.6955555555555555
3.2825925925925925
3.182037037037037
3.419074074074074
3.664814814814815
3.213888888888889
3.3933333333333335
3.2622222222222224
3.0775925925925924
3.22962962962963
3.4672222222222224
2.8596296296296297
2.7598148148148147
3.417962962962963
3.0444444444444443
3.1244444444444444
2.902222222222222
2.7144444444444447
3.053148148148148
2.9764814814814815
2.864074074074074
3.1344444444444446
2.9485185185185183
2.7353703703703705
2.7796296296296297
2.8962962962962964
2.912962962962963
2.5188888888888887
2.665
2.9335185185185186
2.842037037037037
2.6905555555555556
3.1635185185185186
2.611111111111111
2.579074074074074
2.7868518518518517
2.8985185185185185
2.43962962962963
2.731851851851852
2.53
2.5966666666666667
2.4227777777777777
