-19190.0
-27111.0
-23617.0
-26012.0
-19346.0
-22155.0
-18916.0
-17664.0
-17284.0
-17189.0
-15526.0
-23287.0
-15750.0
-16394.0
-17094.0
-13977.0
-14988.0
-17616.0
-15749.0
-21935.0
-16012.0
-18533.0
-17077.0
-14577.0
-12397.0
-13852.0
-12027.0
-11415.0
-10346.0
-11525.0
-10947.0
-11633.0
-11580.0
-13848.0
-13838.0
-14586.0
-10994.0
-10115.0
-11209.0
-9880.0
-10474.0
-10094.0
-10265.0
-10127.0
-11323.0
-9572.0
-11501.0
-11173.0
-9626.0
-11220.0
-9843.0
-10066.0
-9198.0
-9927.0
-9171.0
-9090.0
-9186.0
-8272.0
-8879.0
-8164.0
-8085.0
-7783.0
-8891.0
-7601.0
-7559.0
-8210.0
-6966.0
-7879.0
-8461.0
-6418.0
-6031.0
-7460.0
-6911.0
-7876.0
-6884.0
-6169.0
-7236.0
-6676.0
-6241.0
-6841.0
-6249.0
-5821.0
-6259.0
-6243.0
-6209.0
-5412.0
-5983.0
-6658.0
-5129.0
-5685.0
-6687.0
-4934.0
-5271.0
-5759.0
-5928.0
-4625.0
-5496.0
-4968.0
-5313.0
-4421.0
