30180
38961
35337
38203
30532
36179
29867
29542
27306
28862
26488
35155
27287
27430
28614
25583
25851
30932
25908
32937
27312
29970
28342
25414
23046
25286
22743
21378
21220
21847
20877
22150
21265
25687
24838
26262
21224
19486
20789
20746
21023
20721
20825
19605
21931
19624
23642
21285
19140
20661
20496
20182
19043
20429
19680
19126
18240
18093
19956
17726
17183
18463
19790
17355
18324
17616
16619
17440
18723
15442
14903
18457
16440
16872
15672
14658
16487
16073
15466
16926
15922
14771
15010
15640
15730
13602
14391
15841
15347
14529
17083
14100
13927
15049
15652
13174
14752
13662
14022
13083
