7.497777777777777
6.9816666666666665
7.601851851851852
7.52
6.565925925925926
8.565185185185186
6.502962962962963
6.406666666666666
7.713888888888889
6.514074074074074
7.017222222222222
7.183148148148148
5.842037037037037
4.9366666666666665
6.915
6.666666666666667
6.2212962962962965
6.292407407407407
5.445925925925926
5.0962962962962965
4.998888888888889
4.500925925925926
5.865185185185185
4.9151851851851855
5.031851851851852
6.261666666666667
4.865555555555556
5.783703703703703
5.060925925925926
5.389259259259259
4.240925925925926
4.111851851851852
4.520555555555555
4.795555555555556
4.706296296296296
4.575925925925926
4.1722222222222225
3.9803703703703706
4.1214814814814815
4.103888888888889
3.935
4.088333333333333
3.88
3.6733333333333333
4.056481481481481
3.8314814814814815
4.126666666666667
3.9518518518518517
3.686111111111111
3.0281481481481483
3.492962962962963
3.2848148148148146
3.562777777777778
3.68
3.7
3.003888888888889
3.871111111111111
3.4466666666666668
3.3116666666666665
3.2103703703703705
3.676851851851852
3.2616666666666667
3.4303703703703703
3.021851851851852
3.2324074074074076
2.8035185185185183
3.2644444444444445
2.8181481481481483
2.9312962962962965
2.8803703703703705
3.069074074074074
2.641111111111111
2.8744444444444444
2.9653703703703704
2.8807407407407406
2.5653703703703705
2.658888888888889
2.3896296296296295
2.653703703703704
2.499814814814815
3.033333333333333
2.6335185185185184
2.526666666666667
2.7172222222222224
2.5724074074074075
2.9138888888888888
2.8446296296296296
2.8451851851851853
2.934814814814815
2.2896296296296295
2.712037037037037
2.5894444444444447
2.405925925925926
2.526666666666667
2.4853703703703705
2.3394444444444447
2.5555555555555554
2.717962962962963
2.7494444444444444
2.3964814814814814
