-26615.0
-26093.0
-28516.0
-27698.0
-22877.0
-32271.0
-22783.0
-22766.0
-29714.0
-23081.0
-25365.0
-26936.0
-20450.0
-16397.0
-23863.0
-23625.0
-21938.0
-21298.0
-17932.0
-16919.0
-16619.0
-13851.0
-18678.0
-15013.0
-16661.0
-21071.0
-15982.0
-20656.0
-16955.0
-16927.0
-13100.0
-12146.0
-14477.0
-14918.0
-14241.0
-12483.0
-11681.0
-11964.0
-12431.0
-11060.0
-11290.0
-13045.0
-11418.0
-10406.0
-13069.0
-11080.0
-12011.0
-11504.0
-10332.0
-8067.0
-10018.0
-9491.0
-10259.0
-9778.0
-8754.0
-7404.0
-11080.0
-8579.0
-8672.0
-8222.0
-8715.0
-8124.0
-8915.0
-7964.0
-8228.0
-6786.0
-8968.0
-7103.0
-7285.0
-6661.0
-7410.0
-6240.0
-7056.0
-7072.0
-6776.0
-6322.0
-5917.0
-5116.0
-6378.0
-5349.0
-6567.0
-6009.0
-5665.0
-5749.0
-5254.0
-5477.0
-5725.0
-6695.0
-6978.0
-4566.0
-5739.0
-5697.0
-5053.0
-4940.0
-5291.0
-5009.0
-5168.0
-6304.0
-4970.0
-5208.0
