40488
37701
41050
40608
35456
46252
35116
34596
41655
35176
37893
38789
31547
26658
37341
36000
33595
33979
29408
27520
26994
24305
31672
26542
27172
33813
26274
31232
27329
29102
22901
22204
24411
25896
25414
24710
22530
21494
22256
22161
21249
22077
20952
19836
21905
20690
22284
21340
19905
16352
18862
17738
19239
19872
19980
16221
20904
18612
17883
17336
19855
17613
18524
16318
17455
15139
17628
15218
15829
15554
16573
14262
15522
16013
15556
13853
14358
12904
14330
13499
16380
14221
13644
14673
13891
15735
15361
15364
15848
12364
14645
13983
12992
13644
13421
12633
13800
14677
14847
12941
