-21126.0
-22994.0
-21489.0
-18353.0
-18677.0
-20909.0
-15528.0
-15923.0
-20494.0
-14402.0
-15053.0
-15955.0
-20057.0
-15177.0
-14555.0
-12915.0
-12823.0
-14214.0
-14249.0
-16524.0
-12869.0
-17994.0
-11919.0
-11841.0
-13869.0
-15697.0
-12597.0
-11120.0
-10372.0
-11131.0
-9917.0
-10459.0
-9397.0
-9417.0
-10130.0
-9635.0
-10409.0
-11657.0
-8392.0
-10962.0
-9357.0
-11625.0
-8557.0
-8616.0
-8875.0
-10503.0
-10182.0
-9824.0
-8987.0
-8421.0
-7661.0
-10206.0
-9314.0
-9035.0
-8645.0
-8646.0
-8415.0
-7681.0
-7374.0
-7467.0
-6541.0
-7362.0
-7666.0
-6434.0
-7271.0
-8751.0
-7238.0
-5483.0
-6480.0
-7205.0
-7273.0
-6037.0
-5100.0
-4730.0
-5923.0
-5384.0
-7197.0
-6342.0
-6868.0
-5436.0
-6784.0
-5564.0
-5300.0
-6009.0
-4703.0
-5047.0
-4538.0
-5150.0
-5243.0
-4760.0
-5064.0
-6036.0
-4222.0
-5208.0
-4560.0
-4694.0
-4772.0
-4556.0
-4323.0
-4902.0
