31802
32732
32173
28466
30195
32474
25449
26749
32139
25217
24388
27381
31830
25759
25312
22011
22215
24811
23789
26715
22370
28369
20872
20960
23131
24928
22143
19768
19710
20843
19532
20032
19048
19380
19640
19616
19907
21509
17933
20245
18408
21977
17686
18357
18444
20219
19975
19231
17685
17655
16968
19179
19091
17489
18506
19427
17300
16420
16603
16650
15016
16111
16706
15628
15829
17661
16601
14464
16107
16748
15702
14372
13461
13511
14114
14101
15811
14768
15538
13723
16013
14363
13705
14442
13711
13023
11756
13530
13487
13306
13829
15285
12419
14043
11905
12825
13017
12725
12538
13004
