5.889259259259259
6.061481481481482
5.957962962962963
5.271481481481482
5.591666666666667
6.013703703703704
4.712777777777778
4.953518518518519
5.951666666666667
4.669814814814814
4.5162962962962965
5.070555555555556
5.894444444444445
4.770185185185185
4.687407407407408
4.0761111111111115
4.113888888888889
4.59462962962963
4.40537037037037
4.947222222222222
4.142592592592592
5.2535185185185185
3.8651851851851853
3.8814814814814813
4.283518518518519
4.616296296296296
4.100555555555555
3.660740740740741
3.65
3.859814814814815
3.617037037037037
3.70962962962963
3.5274074074074075
3.588888888888889
3.637037037037037
3.6325925925925926
3.6864814814814815
3.9831481481481483
3.320925925925926
3.7490740740740742
3.408888888888889
4.069814814814815
3.275185185185185
3.3994444444444443
3.4155555555555557
3.7442592592592594
3.699074074074074
3.5612962962962964
3.275
3.2694444444444444
3.1422222222222222
3.5516666666666667
3.5353703703703703
3.238703703703704
3.427037037037037
3.5975925925925925
3.2037037037037037
3.0407407407407407
3.0746296296296296
3.0833333333333335
2.780740740740741
2.9835185185185185
3.093703703703704
2.8940740740740742
2.9312962962962965
3.2705555555555557
3.0742592592592595
2.6785185185185183
2.9827777777777778
3.1014814814814815
2.9077777777777776
2.6614814814814816
2.492777777777778
2.502037037037037
2.613703703703704
2.6112962962962962
2.927962962962963
2.734814814814815
2.877407407407407
2.5412962962962964
2.9653703703703704
2.6598148148148146
2.537962962962963
2.6744444444444446
2.5390740740740743
2.4116666666666666
2.177037037037037
2.5055555555555555
2.497592592592593
2.464074074074074
2.560925925925926
2.8305555555555557
2.2998148148148148
2.6005555555555557
2.2046296296296295
2.375
2.4105555555555553
2.3564814814814814
2.321851851851852
2.408148148148148
