1783202
1225805
1765510
1231005
1431261
2537738
1627639
2288160
1696081
1164045
1502070
1182860
1733850
938271
1845163
1845614
1983907
936375
1964027
1924757
1192521
1480132
1056704
1545409
1726480
1152004
1796375
1700516
1309020
1898892
991482
890739
1827467
975788
1601544
955871
870275
1481743
871029
1456910
1434421
916352
986994
948807
1133809
1427186
945994
1547758
886082
1140844
1577457
1002168
1419023
1506221
853696
1229650
1847415
792416
1502622
800222
954484
851660
835448
1102100
793076
1383808
1481101
1694500
1115865
1474399
1471047
1527598
930488
899683
1005750
1309228
1304255
837417
1635257
815337
872839
1017472
1746793
1603527
868109
744818
1019191
1579371
1045369
1649755
2066433
1172925
1349328
984431
1322731
1978756
1813616
1443881
773931
829616
