330.2225925925926
227.0009259259259
326.9462962962963
227.9638888888889
265.04833333333335
469.9514814814815
301.41462962962964
423.73333333333335
314.08907407407406
215.5638888888889
278.1611111111111
219.04814814814816
321.0833333333333
173.7538888888889
341.6968518518519
341.78037037037035
367.3901851851852
173.40277777777777
363.7087037037037
356.4364814814815
220.8372222222222
274.0985185185185
195.68592592592591
286.1868518518518
319.7185185185185
213.33407407407407
332.662037037037
314.91037037037034
242.4111111111111
351.64666666666665
183.60777777777778
164.95166666666665
338.4198148148148
180.7014814814815
296.58222222222224
177.01314814814816
161.16203703703704
274.39685185185186
161.30166666666668
269.79814814814813
265.63351851851854
169.6948148148148
182.77666666666667
175.705
209.96462962962963
264.2937037037037
175.18407407407406
286.62185185185183
164.08925925925925
211.2674074074074
292.12166666666667
185.58666666666667
262.782037037037
278.9298148148148
158.09185185185186
227.71296296296296
342.1138888888889
146.74370370370372
278.2633333333333
148.18925925925927
176.75629629629628
157.71481481481482
154.71259259259259
204.09259259259258
146.86592592592592
256.26074074074074
274.277962962963
313.7962962962963
206.64166666666668
273.03685185185185
272.4161111111111
282.88851851851854
172.31259259259258
166.60796296296297
186.25
242.44962962962964
241.5287037037037
155.07722222222222
302.82537037037036
150.98833333333334
161.63685185185184
188.42074074074074
323.4801851851852
296.94944444444445
160.76092592592593
137.92925925925925
188.73907407407407
292.4761111111111
193.58685185185186
305.5101851851852
382.67277777777775
217.20833333333334
249.87555555555556
182.30203703703702
244.95018518518518
366.4362962962963
335.8548148148148
267.38537037037037
143.32055555555556
153.6325925925926
