-911572.0
-438150.0
-868091.0
-559399.0
-543495.0
-1240725.0
-733430.0
-1144140.0
-559831.0
-468643.0
-365329.0
-507847.0
-585129.0
-284311.0
-747016.0
-668720.0
-789927.0
-260811.0
-835611.0
-682993.0
-472638.0
-410952.0
-307100.0
-394247.0
-579863.0
-444806.0
-499434.0
-508174.0
-389351.0
-920771.0
-376273.0
-383498.0
-825338.0
-330057.0
-669914.0
-253727.0
-270558.0
-520111.0
-212684.0
-569117.0
-498728.0
-242709.0
-318507.0
-308622.0
-427510.0
-646281.0
-240841.0
-661360.0
-259166.0
-463466.0
-753071.0
-489986.0
-626647.0
-565872.0
-248101.0
-600508.0
-893717.0
-269117.0
-707011.0
-217027.0
-430217.0
-259188.0
-266781.0
-443286.0
-244668.0
-524791.0
-708533.0
-807031.0
-457905.0
-516633.0
-507569.0
-731772.0
-309436.0
-372759.0
-338644.0
-500117.0
-470573.0
-250641.0
-626200.0
-315411.0
-284693.0
-493202.0
-837507.0
-713845.0
-204170.0
-211098.0
-451332.0
-554750.0
-453107.0
-850223.0
-997076.0
-516147.0
-535400.0
-322543.0
-417466.0
-1154690.0
-987592.0
-429602.0
-216361.0
-314721.0
