212414
528341
192531
350384
374242
191045
205581
514818
463122
309601
200763
205649
303540
194665
457702
234799
225014
234783
461655
210734
175029
195059
185857
298765
188870
138259
176872
245501
141529
183994
199208
149912
159510
156359
189564
155793
298976
134444
178502
141643
304006
230195
340762
128727
207297
135922
140417
277111
141408
200546
274279
151534
128198
138887
319750
135654
149846
128868
121348
215668
131320
132323
128005
121324
138694
291545
111076
112594
120809
269507
108825
114676
207970
100507
118923
109458
102711
109618
184782
110249
111059
109972
97836
221153
221021
96050
94684
87280
274701
91764
109019
96810
103841
102736
101656
93082
89285
81786
206482
90592
