-100651.0
-317196.0
-102485.0
-189030.0
-148763.0
-92891.0
-100657.0
-255794.0
-208610.0
-164521.0
-102650.0
-101860.0
-151266.0
-101424.0
-216602.0
-118741.0
-114244.0
-108683.0
-216723.0
-103148.0
-75450.0
-91479.0
-81897.0
-154909.0
-87273.0
-60571.0
-69193.0
-122959.0
-59408.0
-81391.0
-90718.0
-61358.0
-67360.0
-70944.0
-89031.0
-61628.0
-104912.0
-54107.0
-84533.0
-53330.0
-119014.0
-74285.0
-121948.0
-50717.0
-44064.0
-50774.0
-56452.0
-98108.0
-61185.0
-54377.0
-112295.0
-60843.0
-51452.0
-53225.0
-122959.0
-51378.0
-63992.0
-45555.0
-40515.0
-65321.0
-54717.0
-48048.0
-42693.0
-46856.0
-53607.0
-98479.0
-40269.0
-36272.0
-42155.0
-88403.0
-36171.0
-40493.0
-56296.0
-31303.0
-37456.0
-36262.0
-32130.0
-36732.0
-48715.0
-40173.0
-36006.0
-38353.0
-28886.0
-48339.0
-63098.0
-28393.0
-30880.0
-26901.0
-75317.0
-26852.0
-35141.0
-29952.0
-33623.0
-31173.0
-29146.0
-27941.0
-24548.0
-22400.0
-61554.0
-28289.0
