39.33592592592593
97.84092592592593
35.653888888888886
64.88592592592593
69.30407407407408
35.37870370370371
38.07055555555556
95.33666666666667
85.76333333333334
57.33351851851852
37.178333333333335
38.08314814814815
56.21111111111111
36.04907407407408
84.75962962962963
43.48129629629629
41.669259259259256
43.47833333333333
85.49166666666666
39.02481481481482
32.41277777777778
36.12203703703704
34.41796296296296
55.32685185185185
34.97592592592593
25.60351851851852
32.754074074074076
45.46314814814815
26.209074074074074
34.07296296296296
36.89037037037037
27.761481481481482
29.538888888888888
28.95537037037037
35.10444444444445
28.850555555555555
55.36592592592593
24.897037037037038
33.055925925925926
26.230185185185185
56.297407407407405
42.62870370370371
63.10407407407408
23.838333333333335
38.388333333333335
25.17074074074074
26.00314814814815
51.31685185185185
26.186666666666667
37.13814814814815
50.79240740740741
28.061851851851852
23.74037037037037
25.719814814814814
59.21296296296296
25.121111111111112
27.749259259259258
23.864444444444445
22.471851851851852
39.93851851851852
24.31851851851852
24.50425925925926
23.70462962962963
22.467407407407407
25.684074074074076
53.989814814814814
20.56962962962963
20.85074074074074
22.372037037037035
49.9087037037037
20.15277777777778
21.236296296296295
38.512962962962966
18.612407407407407
22.022777777777776
20.27
19.020555555555557
20.299629629629628
34.21888888888889
20.416481481481483
20.566481481481482
20.365185185185187
18.11777777777778
40.95425925925926
40.92981481481481
17.787037037037038
17.534074074074073
16.16296296296296
50.870555555555555
16.993333333333332
20.188703703703705
17.927777777777777
19.229814814814816
19.025185185185187
18.825185185185184
17.237407407407407
16.534259259259258
15.145555555555555
38.23740740740741
16.776296296296298
