22.758333333333333
10.690185185185186
14.360555555555555
12.36111111111111
14.000925925925927
14.204814814814815
9.677592592592593
13.385
8.979259259259258
10.89925925925926
10.13111111111111
13.563888888888888
8.93462962962963
12.752407407407407
10.482407407407408
10.862592592592593
10.895925925925926
10.291851851851852
10.812037037037037
10.147222222222222
10.064444444444444
8.531481481481482
8.148148148148149
12.12111111111111
10.986296296296297
9.19111111111111
9.458703703703703
8.412407407407407
8.314074074074075
9.056296296296296
8.135925925925926
9.314074074074075
9.11962962962963
9.31462962962963
10.370555555555555
9.63962962962963
10.176296296296297
8.229259259259258
8.252592592592592
8.126296296296296
9.398518518518518
8.657407407407407
8.505555555555556
7.256481481481481
6.750925925925926
7.570185185185185
7.934074074074074
7.671296296296297
6.621111111111111
7.278148148148148
7.744074074074074
8.546296296296296
8.119444444444444
8.436851851851852
7.6537037037037035
7.447962962962963
7.560740740740741
8.154259259259259
7.036851851851852
6.7427777777777775
6.62537037037037
6.957037037037037
6.756481481481481
6.352592592592592
8.426481481481481
6.361111111111111
5.980370370370371
7.21537037037037
6.6540740740740745
6.291111111111111
5.765
6.675740740740741
6.265740740740741
6.067962962962963
7.051666666666667
6.304074074074074
6.062037037037037
6.458703703703704
6.257037037037037
5.774259259259259
6.426851851851852
6.402592592592592
5.757777777777778
6.213703703703704
5.822962962962963
5.603888888888889
5.741296296296296
5.446666666666666
5.847407407407408
6.530925925925926
5.916666666666667
5.989444444444445
5.6524074074074075
7.072222222222222
5.536111111111111
5.806666666666667
5.2
6.325555555555556
5.492037037037037
5.6829629629629625
