122895
57727
77547
66750
75605
76706
52259
72279
48488
58856
54708
73245
48247
68863
56605
58658
58838
55576
58385
54795
54348
46070
44000
65454
59326
49632
51077
45427
44896
48904
43934
50296
49246
50299
56001
52054
54952
44438
44564
43882
50752
46750
45930
39185
36455
40879
42844
41425
35754
39302
41818
46150
43845
45559
41330
40219
40828
44033
37999
36411
35777
37568
36485
34304
45503
34350
32294
38963
35932
33972
31131
36049
33835
32767
38079
34042
32735
34877
33788
31181
34705
34574
31092
33554
31444
30261
31003
29412
31576
35267
31950
32343
30523
38190
29895
31356
28080
34158
29657
30688
