-64641.0
-30294.0
-45118.0
-37906.0
-43775.0
-44746.0
-28580.0
-40219.0
-23069.0
-31350.0
-28215.0
-34966.0
-23901.0
-33773.0
-29367.0
-31946.0
-30827.0
-30277.0
-30292.0
-29005.0
-28292.0
-22852.0
-21083.0
-27706.0
-27594.0
-23639.0
-23063.0
-22117.0
-19611.0
-23646.0
-20688.0
-23529.0
-25139.0
-20559.0
-21993.0
-24649.0
-18372.0
-19801.0
-19417.0
-20339.0
-22264.0
-20559.0
-17596.0
-14521.0
-13569.0
-17268.0
-19042.0
-17470.0
-13380.0
-15936.0
-17927.0
-17126.0
-18458.0
-17026.0
-18266.0
-15354.0
-16469.0
-16495.0
-14831.0
-15500.0
-12893.0
-13942.0
-13219.0
-12208.0
-15157.0
-12693.0
-10826.0
-12682.0
-13647.0
-11592.0
-10343.0
-15061.0
-11521.0
-12037.0
-13835.0
-12552.0
-10805.0
-12581.0
-12121.0
-10846.0
-12744.0
-11163.0
-10090.0
-10706.0
-9123.0
-9458.0
-10187.0
-9553.0
-10546.0
-10022.0
-9830.0
-7966.0
-10360.0
-9786.0
-8822.0
-9229.0
-8031.0
-8446.0
-8828.0
-8591.0
