8.775185185185185
5.632777777777778
6.808333333333334
7.489629629629629
8.099074074074075
8.561666666666667
7.104444444444445
5.810370370370371
5.33925925925926
6.501481481481481
6.089074074074074
6.807222222222222
5.692407407407408
5.433148148148148
6.554074074074074
5.623888888888889
5.561296296296296
5.195555555555556
5.385740740740741
5.5872222222222225
5.418888888888889
5.592037037037037
5.189074074074074
6.278333333333333
4.471666666666667
5.245555555555556
5.378333333333333
4.516111111111111
3.8561111111111113
4.900185185185185
4.312037037037037
4.862222222222222
3.663148148148148
4.747592592592593
4.310185185185185
4.435
4.095370370370371
3.8337037037037036
3.8955555555555557
4.408333333333333
3.6127777777777776
3.4053703703703704
4.336666666666667
3.9031481481481483
3.1972222222222224
3.719074074074074
3.9472222222222224
3.257222222222222
4.302222222222222
3.384074074074074
3.9340740740740743
3.266111111111111
3.2135185185185184
4.045
3.6594444444444445
3.194259259259259
3.376851851851852
3.1087037037037035
3.4233333333333333
3.0064814814814813
3.5237037037037036
3.1635185185185186
3.175925925925926
2.825740740740741
3.6964814814814817
2.9335185185185186
3.0396296296296295
2.743888888888889
3.1912962962962963
3.2914814814814815
3.0075925925925926
3.0207407407407407
3.0325925925925925
2.9164814814814815
2.595925925925926
2.9409259259259257
2.6911111111111112
2.6425925925925924
2.7398148148148147
2.724814814814815
3.144814814814815
2.5407407407407407
2.578148148148148
2.835185185185185
2.7774074074074075
2.77037037037037
2.836851851851852
2.837962962962963
2.696851851851852
2.591851851851852
2.3485185185185187
2.712962962962963
2.270185185185185
2.527222222222222
2.4444444444444446
37.65185185185185
2.5007407407407407
2.7016666666666667
2.8133333333333335
2.388333333333333
