-32849.0
-18970.0
-24146.0
-25902.0
-30370.0
-33522.0
-24571.0
-19215.0
-17932.0
-22619.0
-20460.0
-23961.0
-19341.0
-18317.0
-22438.0
-18967.0
-18834.0
-17247.0
-17355.0
-17994.0
-17870.0
-19191.0
-16228.0
-21530.0
-13505.0
-17292.0
-18192.0
-13565.0
-11168.0
-14880.0
-12744.0
-15133.0
-10417.0
-15503.0
-13077.0
-12038.0
-12119.0
-11122.0
-11601.0
-11995.0
-10117.0
-9584.0
-14104.0
-11099.0
-8516.0
-9736.0
-10494.0
-8739.0
-12829.0
-8738.0
-11773.0
-8516.0
-8275.0
-11405.0
-8731.0
-8617.0
-7859.0
-8198.0
-8801.0
-6841.0
-8636.0
-8417.0
-8273.0
-6771.0
-9697.0
-6794.0
-7624.0
-6871.0
-8298.0
-8481.0
-6679.0
-7605.0
-7441.0
-6957.0
-5946.0
-7734.0
-5776.0
-6284.0
-6311.0
-6381.0
-6602.0
-6005.0
-5547.0
-6007.0
-6139.0
-5584.0
-5967.0
-6349.0
-5927.0
-5701.0
-4436.0
-6464.0
-4891.0
-4934.0
-4935.0
-185680.0
-5265.0
-5732.0
-4785.0
-5090.0
