47386
30417
36765
40444
43735
46233
38364
31376
28832
35108
32881
36759
30739
29339
35392
30369
30031
28056
29083
30171
29262
30197
28021
33903
24147
28326
29043
24387
20823
26461
23285
26256
19781
25637
23275
23949
22115
20702
21036
23805
19509
18389
23418
21077
17265
20083
21315
17589
23232
18274
21244
17637
17353
21843
19761
17249
18235
16787
18486
16235
19028
17083
17150
15259
19961
15841
16414
14817
17233
17774
16241
16312
16376
15749
14018
15881
14532
14270
14795
14714
16982
13720
13922
15310
14998
14960
15319
15325
14563
13996
12682
14650
12259
13647
13200
203320
13504
14589
15192
12897
