59.14
216.165
54.545
178.20388888888888
82.37462962962962
94.07092592592592
45.59648148148148
105.77314814814815
58.092962962962964
81.22759259259259
130.83203703703703
50.14666666666667
144.92685185185186
46.705555555555556
59.95092592592592
47.52759259259259
53.70759259259259
63.93240740740741
48.19111111111111
57.437222222222225
91.40833333333333
92.90907407407407
37.14574074074074
80.99962962962962
43.21074074074074
38.83018518518519
50.22962962962963
45.117407407407406
81.41166666666666
43.14055555555556
42.67574074074074
37.717962962962964
89.29407407407408
79.27018518518518
37.33
48.927592592592596
37.43851851851852
40.052962962962965
33.66092592592592
40.086666666666666
36.33148148148148
34.26277777777778
50.69574074074074
27.277592592592594
32.952592592592595
83.38388888888889
39.9912962962963
29.88537037037037
30.425185185185185
78.44222222222223
72.25296296296297
36.04851851851852
33.5212962962963
32.64703703703704
32.71981481481482
38.335
35.858333333333334
88.34166666666667
28.300555555555555
35.028888888888886
30.027407407407406
39.60351851851852
79.67388888888888
95.71574074074074
65.57407407407408
44.755
36.29351851851852
71.44296296296297
35.20851851851852
31.44333333333333
33.880185185185184
30.977592592592593
30.604814814814816
78.33777777777777
59.44166666666667
63.3912962962963
60.96055555555556
66.8324074074074
25.695555555555554
57.95037037037037
34.67037037037037
25.384074074074075
63.431296296296296
35.33592592592593
31.549629629629628
29.607407407407408
28.790370370370372
60.62462962962963
30.91925925925926
30.127777777777776
30.33111111111111
25.658333333333335
30.368518518518517
31.49648148148148
26.886481481481482
25.00925925925926
24.99222222222222
23.917407407407406
28.122777777777777
28.90888888888889
