-129128.0
-635189.0
-122114.0
-432720.0
-168669.0
-131179.0
-96369.0
-292507.0
-116245.0
-243724.0
-248877.0
-85466.0
-329274.0
-93984.0
-134687.0
-99838.0
-103220.0
-145433.0
-89166.0
-106852.0
-176881.0
-204084.0
-65104.0
-218146.0
-95531.0
-57158.0
-84727.0
-81327.0
-125914.0
-82093.0
-69014.0
-48507.0
-133406.0
-115679.0
-60556.0
-61286.0
-57730.0
-71704.0
-57339.0
-70971.0
-60498.0
-49798.0
-93794.0
-40512.0
-47907.0
-191850.0
-65741.0
-47330.0
-52177.0
-115878.0
-138735.0
-56404.0
-48920.0
-47728.0
-47670.0
-56089.0
-46586.0
-143978.0
-45664.0
-49474.0
-46959.0
-65331.0
-138495.0
-208920.0
-126424.0
-76214.0
-50471.0
-122437.0
-46258.0
-46428.0
-48620.0
-42343.0
-41840.0
-130236.0
-78120.0
-90406.0
-90850.0
-130701.0
-26042.0
-107520.0
-53629.0
-35026.0
-97805.0
-48858.0
-44034.0
-40796.0
-34410.0
-97704.0
-38781.0
-41862.0
-41974.0
-37273.0
-40537.0
-33997.0
-32560.0
-33673.0
-30634.0
-28825.0
-34994.0
-34290.0
