319356
1167291
294543
962301
444823
507983
246221
571175
313702
438629
706493
270792
782605
252210
323735
256649
290021
345235
260232
310161
493605
501709
200587
437398
233338
209683
271240
243634
439623
232959
230449
203677
482188
428059
201582
264209
202168
216286
181769
216468
196190
185019
273757
147299
177944
450273
215953
161381
164296
423588
390166
194662
181015
176294
176687
207009
193635
477045
152823
189156
162148
213859
430239
516865
354100
241677
195985
385792
190126
169794
182953
167279
165266
423024
320985
342313
329187
360895
138756
312932
187220
137074
342529
190814
170368
159880
155468
327373
166964
162690
163788
138555
163990
170081
145187
135050
134958
129154
151863
156108
