2453429
2497393
1788943
2195838
2203635
2719516
2049531
2030025
2121672
2077068
2078622
1369252
1913232
1946514
1655817
1911743
1733188
1282077
1282773
2212177
1880145
1303077
1878933
1316105
1680127
1978823
1324634
1837692
1316419
1236333
1819543
1721584
1961498
1148980
1763331
1856006
1134566
1123003
1132622
1634159
1644294
1245120
1074250
1123096
1915715
1570580
1036768
1091788
1043396
1987185
1140727
1720155
1953371
1005957
1507619
1554985
1277487
941241
1467011
918902
979506
1025181
1612855
992245
1438165
1671025
1671533
1657487
1325830
1019135
1091996
1012814
858178
1008982
1715267
1602275
1420928
1806208
1064093
954366
1423849
1119466
1061786
1514376
1767608
956802
1488005
1051460
1503480
1056020
1048332
927631
1955290
1473225
2413588
1900554
992781
1406886
1133502
821056
