-967453.0
-1080129.0
-854697.0
-815989.0
-807739.0
-1237647.0
-866358.0
-942426.0
-872750.0
-701299.0
-809055.0
-450826.0
-665646.0
-696193.0
-926085.0
-968354.0
-658480.0
-362441.0
-434081.0
-794619.0
-702311.0
-386708.0
-741553.0
-469750.0
-458314.0
-894258.0
-387538.0
-716996.0
-400128.0
-497869.0
-587636.0
-534790.0
-775913.0
-429107.0
-500351.0
-704414.0
-339746.0
-389869.0
-408748.0
-468911.0
-554725.0
-456567.0
-263278.0
-497812.0
-813588.0
-481663.0
-272516.0
-408540.0
-328935.0
-980965.0
-454283.0
-732469.0
-926078.0
-307026.0
-613568.0
-707600.0
-608236.0
-292174.0
-571285.0
-318075.0
-281682.0
-411003.0
-765523.0
-386718.0
-469663.0
-682428.0
-804369.0
-710280.0
-669618.0
-447235.0
-396325.0
-384697.0
-303296.0
-389533.0
-691555.0
-731866.0
-486708.0
-871026.0
-443102.0
-408544.0
-563124.0
-588374.0
-389393.0
-600060.0
-832151.0
-342985.0
-570069.0
-431604.0
-663834.0
-424363.0
-309327.0
-464949.0
-1089390.0
-566757.0
-1452945.0
-933354.0
-334793.0
-441709.0
-538821.0
-243738.0
