454.3387037037037
462.4801851851852
331.2857407407407
406.63666666666666
408.0805555555556
503.6140740740741
379.54277777777776
375.93055555555554
392.90222222222224
384.64222222222224
384.93
253.5651851851852
354.3022222222222
360.46555555555557
306.6327777777778
354.0264814814815
320.96074074074073
237.42166666666665
237.55055555555555
409.6624074074074
348.175
241.31055555555557
347.9505555555556
243.72314814814814
311.1346296296296
366.4487037037037
245.3025925925926
340.31333333333333
243.7812962962963
228.95055555555555
336.9524074074074
318.8118518518518
363.2403703703704
212.77407407407406
326.54277777777776
343.7048148148148
210.1048148148148
207.96351851851853
209.74481481481482
302.62203703703705
304.49888888888887
230.57777777777778
198.9351851851852
207.98074074074074
354.76203703703703
290.84814814814814
191.99407407407406
202.18296296296296
193.22148148148148
367.9972222222222
211.24574074074073
318.5472222222222
361.7353703703704
186.28833333333333
279.1887037037037
287.9601851851852
236.57166666666666
174.30388888888888
271.6687037037037
170.16703703703703
181.39
189.84833333333333
298.67685185185184
183.7490740740741
266.32685185185187
309.4490740740741
309.54314814814813
306.94203703703704
245.52407407407406
188.7287037037037
202.22148148148148
187.55814814814815
158.92185185185184
186.84851851851852
317.642037037037
296.7175925925926
263.13481481481483
334.482962962963
197.05425925925925
176.73444444444445
263.67574074074076
207.30851851851853
196.62703703703704
280.44
327.3348148148148
177.18555555555557
275.55648148148146
194.71481481481482
278.4222222222222
195.55925925925925
194.13555555555556
171.78351851851852
362.0907407407407
272.81944444444446
446.96074074074073
351.95444444444445
183.84833333333333
260.53444444444443
209.90777777777777
152.0474074074074
