2477887
2137679
1872262
1636062
1973489
2151793
2675478
2542934
1954902
2210255
1895605
1783400
2178715
1601430
2281527
2251995
2448552
1415271
1942406
1806332
1236639
1433161
1622634
1413404
1633084
2158818
1729255
2094855
1913511
1195593
1818615
1440845
1799522
1257000
1962910
1422041
1393851
1775507
1274841
1368450
1590825
1433845
1906681
1807594
1243638
1461221
1361092
1821368
1715754
1933653
1667515
1693158
1874498
1273414
1766756
1788462
1206356
1287310
1563623
1225511
1497733
1210943
1466176
1855576
1566743
1926475
1089355
1660440
1367230
1546023
1121650
1134358
980164
1103139
1842680
1405024
1655240
1639535
1291047
1105615
1527932
1574088
1645155
1310680
1133068
1040308
964693
1786673
1348543
1035241
1846966
965328
1708766
1094101
1096054
1814999
988235
1649633
1170605
1656982
1306206
1084881
1114853
1584015
1612973
985849
1071776
1264215
1217221
1560108
1292722
1725858
1223552
1081028
1153288
985175
1072317
1543881
1097129
1110441
1215578
1707585
1390064
1544394
844366
1348921
1523852
952750
1104503
1603617
1571840
1067919
1182340
1438988
1532239
1488906
1841941
1630658
1209782
857350
1710527
1492690
1065344
1596497
1559958
1447941
933589
1172984
926071
872584
1063209
838702
1494331
870973
1126804
874961
1047689
788880
871057
827411
999524
957479
1318568
1427761
1643213
979939
1023155
831893
786167
1020909
1256631
1009367
942670
1004131
1580338
886487
1343741
788446
1702371
1331422
2497344
1191379
851494
1391307
1291445
937869
871628
787211
1294371
1392602
870920
763340
1450635
835627
836798
1482948
793393
1010383
906251
1054398
