458.86796296296296
395.86648148148146
346.7151851851852
302.97444444444443
365.46092592592595
398.4801851851852
495.4588888888889
470.91370370370373
362.0188888888889
409.30648148148146
351.037962962963
330.25925925925924
403.4657407407407
296.56111111111113
422.505
417.0361111111111
453.43555555555554
262.08722222222224
359.7048148148148
334.5059259259259
229.00722222222223
265.4001851851852
300.48777777777775
261.74148148148146
302.42296296296297
399.7811111111111
320.2324074074074
387.93611111111113
354.3538888888889
221.4061111111111
336.78055555555557
266.82314814814816
333.2448148148148
232.77777777777777
363.5018518518518
263.34092592592594
258.12055555555554
328.7975925925926
236.08166666666668
253.41666666666666
294.59722222222223
265.52685185185186
353.08907407407406
334.73962962962963
230.30333333333334
270.5964814814815
252.05407407407407
337.2903703703704
317.7322222222222
358.0838888888889
308.7990740740741
313.54777777777775
347.12925925925924
235.81740740740742
327.17703703703705
331.19666666666666
223.39925925925925
238.39074074074074
289.55981481481484
226.94648148148147
277.357962962963
224.2487037037037
271.5140740740741
343.62518518518516
290.13759259259257
356.7546296296296
201.7324074074074
307.4888888888889
253.19074074074075
286.30055555555555
207.71296296296296
210.0662962962963
181.51185185185184
204.285
341.23703703703706
260.1896296296296
306.52592592592595
303.6175925925926
239.08277777777778
204.74351851851853
282.95037037037036
291.4977777777778
304.65833333333336
242.71851851851852
209.8274074074074
192.64962962962963
178.64685185185186
330.8653703703704
249.73018518518518
191.7112962962963
342.0307407407407
178.76444444444445
316.4381481481482
202.6112962962963
202.97296296296295
336.1109259259259
183.00648148148147
305.4875925925926
216.7787037037037
306.8485185185185
241.89
200.9038888888889
206.45425925925926
293.3361111111111
298.6987037037037
182.56462962962962
198.47703703703704
234.11388888888888
225.41129629629629
288.9088888888889
239.39296296296297
319.60333333333335
226.5837037037037
200.19037037037037
213.57185185185185
182.4398148148148
198.57722222222222
285.9038888888889
203.17203703703703
205.63722222222222
225.10703703703703
316.21944444444443
257.41925925925926
285.99888888888887
156.36407407407407
249.80018518518517
282.19481481481483
176.4351851851852
204.5375925925926
296.9661111111111
291.0814814814815
197.76277777777779
218.95185185185184
266.47925925925927
283.74796296296296
275.72333333333336
341.1001851851852
301.9737037037037
224.0337037037037
158.7685185185185
316.76425925925923
276.4240740740741
197.28592592592594
295.6475925925926
288.8811111111111
268.13722222222225
172.88685185185184
217.21925925925925
171.49462962962963
161.58962962962963
196.89055555555555
155.3151851851852
276.727962962963
161.2912962962963
208.6674074074074
162.0298148148148
194.0164814814815
146.0888888888889
161.30685185185186
153.22425925925927
185.09703703703704
177.31092592592591
244.17925925925925
264.4001851851852
304.2987037037037
181.4701851851852
189.47314814814814
154.05425925925925
145.58648148148148
189.0572222222222
232.70944444444444
186.91981481481483
174.56851851851852
185.95018518518518
292.6551851851852
164.16425925925927
248.84092592592592
146.0085185185185
315.25388888888887
246.55962962962963
462.4711111111111
220.62574074074075
157.68407407407406
257.64944444444444
239.15648148148148
173.67944444444444
161.4125925925926
145.7798148148148
239.69833333333332
257.88925925925923
161.28148148148148
141.35925925925926
268.6361111111111
154.74574074074073
154.96259259259259
274.62
146.92462962962964
187.10796296296297
167.82425925925926
195.2588888888889
