-974289.0
-970069.0
-879325.0
-629791.0
-824994.0
-1014232.0
-1222000.0
-1224783.0
-1027216.0
-790190.0
-810892.0
-777808.0
-782215.0
-686589.0
-1044316.0
-1071022.0
-915040.0
-479306.0
-554527.0
-716990.0
-323215.0
-506130.0
-502195.0
-413411.0
-521301.0
-793677.0
-742984.0
-725520.0
-760803.0
-340404.0
-633567.0
-468180.0
-718855.0
-386191.0
-781288.0
-379221.0
-460712.0
-536784.0
-470024.0
-408605.0
-556910.0
-449815.0
-646864.0
-526884.0
-433849.0
-519882.0
-402086.0
-660208.0
-628804.0
-568288.0
-589860.0
-581103.0
-555479.0
-442164.0
-530303.0
-480173.0
-379660.0
-401714.0
-666243.0
-447963.0
-535569.0
-470587.0
-556916.0
-569865.0
-779066.0
-770534.0
-397361.0
-467358.0
-544720.0
-626536.0
-453311.0
-298325.0
-280584.0
-371155.0
-740745.0
-643838.0
-613380.0
-540088.0
-444991.0
-312476.0
-712368.0
-729822.0
-693473.0
-499345.0
-362900.0
-290739.0
-283112.0
-667673.0
-551241.0
-357106.0
-716743.0
-354065.0
-799420.0
-405792.0
-343337.0
-736672.0
-261372.0
-713446.0
-466817.0
-703258.0
-547316.0
-462149.0
-412474.0
-648090.0
-553328.0
-308453.0
-443062.0
-523827.0
-557215.0
-615017.0
-568513.0
-762797.0
-469223.0
-360099.0
-508050.0
-362396.0
-375597.0
-539359.0
-415468.0
-478404.0
-464110.0
-763673.0
-497737.0
-566397.0
-247051.0
-543390.0
-667518.0
-293118.0
-463258.0
-655713.0
-716900.0
-510729.0
-469919.0
-522721.0
-452076.0
-476679.0
-899282.0
-753074.0
-619043.0
-292146.0
-757669.0
-643984.0
-338660.0
-676838.0
-623558.0
-537947.0
-350302.0
-567286.0
-317701.0
-212688.0
-389140.0
-257583.0
-631372.0
-298683.0
-504145.0
-212984.0
-420724.0
-257170.0
-280514.0
-265393.0
-333801.0
-308506.0
-444976.0
-620004.0
-790372.0
-295238.0
-401546.0
-282252.0
-195944.0
-454789.0
-528730.0
-340153.0
-322000.0
-425961.0
-524975.0
-332306.0
-419862.0
-217771.0
-792743.0
-454922.0
-1249141.0
-484692.0
-244060.0
-537091.0
-451611.0
-298498.0
-293151.0
-214827.0
-542981.0
-420254.0
-307651.0
-231447.0
-431294.0
-247445.0
-253946.0
-607109.0
-222092.0
-353181.0
-294573.0
-315820.0
