-696671.0
-633748.0
-417383.0
-295372.0
-480124.0
-335613.0
-625513.0
-930438.0
-485287.0
-573579.0
-137185.0
-389832.0
-294949.0
-500421.0
-353749.0
-290183.0
-272475.0
-533885.0
-192758.0
-229163.0
-558481.0
-455465.0
-603235.0
-243069.0
-192459.0
-247387.0
-367860.0
-516059.0
-291805.0
-273930.0
-300563.0
-139799.0
-251984.0
-310193.0
-393253.0
-222021.0
-323344.0
-319227.0
-287014.0
-656187.0
-327943.0
-248211.0
-170932.0
-219239.0
-423953.0
-453290.0
-345679.0
-256698.0
-502297.0
-190066.0
-477644.0
-1282982.0
-191183.0
-149419.0
-248167.0
-256802.0
-285029.0
-312317.0
-287622.0
-137238.0
-138189.0
-398269.0
-413411.0
-211252.0
-581357.0
-140570.0
-308877.0
-211869.0
-167219.0
-471495.0
-376044.0
-110609.0
-147565.0
-150698.0
-319336.0
-168307.0
-441735.0
-152045.0
-172964.0
-90465.0
-142513.0
-124223.0
-180686.0
-459182.0
-128210.0
-223070.0
-131551.0
-121378.0
-184081.0
-147913.0
-201539.0
-260155.0
-353919.0
-200560.0
-166747.0
-146561.0
-331460.0
-135327.0
-381511.0
-372275.0
