1747177
1158661
1093520
836692
1101018
762508
1221710
1942773
1294992
1184477
523399
930565
894904
1339890
840416
711983
1131726
1549646
569604
690347
1482423
1189252
1359413
704835
589373
670152
1101285
1185049
894288
715732
1146200
462388
1009855
1117628
1154972
692629
1083910
1061666
916163
1284075
778685
606300
540582
611266
1017695
1142638
933049
633765
1098316
557832
1142999
2016235
601095
553813
620248
861004
675649
1094912
858371
536121
485307
942664
869252
576890
1256692
468049
670938
584413
525713
1123217
1046253
413840
466458
521219
959375
512344
1028586
500163
518749
407161
505193
375027
550481
1006053
467148
607694
486857
458075
597300
485337
594408
621309
955702
602549
545326
445338
960982
447396
1014328
950177
