323.5512962962963
214.56685185185185
202.5037037037037
154.94296296296295
203.89222222222222
141.20518518518517
226.2425925925926
359.7727777777778
239.81333333333333
219.3475925925926
96.92574074074074
172.32685185185184
165.72296296296295
248.12777777777777
155.6325925925926
131.8487037037037
209.57888888888888
286.9714814814815
105.48222222222222
127.84203703703703
274.5227777777778
220.23185185185184
251.74314814814815
130.525
109.14314814814814
124.10222222222222
203.94166666666666
219.4535185185185
165.60888888888888
132.54296296296297
212.25925925925927
85.6274074074074
187.01018518518518
206.96814814814815
213.8837037037037
128.26462962962964
200.72407407407408
196.6048148148148
169.6598148148148
237.79166666666666
144.20092592592593
112.27777777777777
100.10777777777778
113.19740740740741
188.46203703703705
211.59962962962962
172.78685185185185
117.3638888888889
203.39185185185184
103.30222222222223
211.66648148148147
373.3768518518518
111.31388888888888
102.55796296296296
114.86074074074074
159.44518518518518
125.12018518518518
202.76148148148147
158.9575925925926
99.28166666666667
89.87166666666667
174.56740740740742
160.9725925925926
106.83148148148148
232.72074074074075
86.67574074074074
124.24777777777778
108.22462962962963
97.35425925925927
208.00314814814814
193.75055555555556
76.63703703703703
86.38111111111111
96.52203703703704
177.66203703703704
94.87851851851852
190.4788888888889
92.62277777777778
96.06462962962964
75.40018518518518
93.55425925925925
69.44944444444444
101.94092592592592
186.3061111111111
86.50888888888889
112.53592592592592
90.15870370370371
84.82870370370371
110.61111111111111
89.87722222222222
110.07555555555555
115.05722222222222
176.98185185185184
111.58314814814815
100.9862962962963
82.47
177.95962962962963
82.85111111111111
187.83851851851853
175.9587037037037
