-207103.0
-383740.0
-551566.0
-286361.0
-766113.0
-345181.0
-152915.0
-397467.0
-230643.0
-281312.0
-584185.0
-291087.0
-262688.0
-116151.0
-611588.0
-89801.0
-157630.0
-153369.0
-307181.0
-180812.0
-281533.0
-138949.0
-123559.0
-366907.0
-190371.0
-152250.0
-147251.0
-390282.0
-101213.0
-143632.0
-166797.0
-364636.0
-137827.0
-103857.0
-95282.0
-322038.0
-172140.0
-198539.0
-165734.0
-215977.0
-275290.0
-103375.0
-127285.0
-245709.0
-217986.0
-87700.0
-117022.0
-184692.0
-143731.0
-90466.0
-101115.0
-186789.0
-240932.0
-91596.0
-79548.0
-171320.0
-102437.0
-188890.0
-92399.0
-71740.0
-78303.0
-75696.0
-75472.0
-175664.0
-87560.0
-295698.0
-85573.0
-103138.0
-74010.0
-172257.0
-78980.0
-100770.0
-85370.0
-92516.0
-69825.0
-74759.0
-92218.0
-69576.0
-83404.0
-51354.0
-60205.0
-63322.0
-169337.0
-80381.0
-76442.0
-66811.0
-64249.0
-130144.0
-67449.0
-68721.0
-245375.0
-63353.0
-69827.0
-68405.0
-68648.0
-55129.0
-50457.0
-96141.0
-160189.0
-241087.0
