82.77537037037037
146.66685185185185
209.0524074074074
125.72592592592592
284.032962962963
173.01148148148147
71.81166666666667
129.86944444444444
93.24981481481481
110.87796296296297
204.11388888888888
149.915
109.74777777777778
59.56722222222222
237.73981481481482
57.22018518518519
77.78925925925925
79.65388888888889
165.28925925925927
92.49388888888889
104.92296296296297
71.02351851851851
67.40203703703703
164.57444444444445
93.145
74.5887037037037
68.28092592592593
182.08666666666667
57.720555555555556
100.51222222222222
81.9675925925926
169.6824074074074
72.15092592592593
57.175185185185185
57.67092592592593
150.10166666666666
79.51981481481481
107.0837037037037
78.07277777777777
89.66
141.16203703703704
58.723333333333336
64.27962962962962
119.03407407407407
116.98703703703704
55.25296296296296
61.989444444444445
114.34
109.0387037037037
52.351851851851855
54.147962962962964
103.31407407407407
122.56185185185186
57.98722222222222
51.20666666666666
116.61944444444444
61.815185185185186
107.68537037037036
56.943703703703704
51.73092592592592
53.85703703703704
53.808703703703706
50.191296296296294
101.58277777777778
52.57925925925926
143.37814814814814
58.495185185185186
56.108148148148146
52.65351851851852
105.34185185185186
56.23759259259259
57.43574074074074
50.94722222222222
55.961666666666666
48.84851851851852
49.00574074074074
54.785185185185185
44.129629629629626
46.39611111111111
39.04185185185185
42.07833333333333
42.083888888888886
98.00222222222222
58.81111111111111
51.63814814814815
49.27351851851852
41.56611111111111
94.02333333333333
49.22296296296296
47.193518518518516
115.38111111111111
45.42314814814815
45.56092592592593
58.02092592592592
49.95944444444444
43.63740740740741
40.514074074074074
93.47759259259259
105.85555555555555
111.40462962962962
