446987
792001
1128883
678920
1533778
934262
387783
701295
503549
598741
1102215
809541
592638
321663
1283795
308989
420062
430131
892562
499467
566584
383527
363971
888702
502983
402779
368717
983268
311691
542766
442625
916285
389615
308746
311423
810549
429407
578252
421593
484164
762275
317106
347110
642784
631730
298366
334743
617436
588809
282700
292399
557896
661834
313131
276516
629745
333802
581501
307496
279347
290828
290567
271033
548547
283928
774242
315874
302984
284329
568846
303683
310153
275115
302193
263782
264631
295840
238300
250539
210826
227223
227253
529212
317580
278846
266077
224457
507726
265804
254845
623058
245285
246029
313313
269781
235642
218776
504779
571620
601585
