500089
624483
522296
545236
339672
394355
268233
691661
583594
366990
334392
248676
682628
233758
351193
547924
214981
377967
642019
242145
247377
276192
201417
562704
406882
225530
273870
251150
217463
197012
253499
210695
222363
165597
370675
219860
180383
191449
182015
171238
182394
199046
226152
205092
196981
332940
331822
177079
179433
145588
183517
162691
159630
338382
140946
176188
185046
213686
182754
157182
151059
145328
158206
135991
162725
334256
183778
362345
293443
143510
337010
148236
284524
165477
300504
278321
147247
152703
145288
122927
132637
129945
262865
352153
149083
125655
127009
279266
408705
137360
135567
115247
283275
329128
133945
267944
360958
117877
303992
130144
