92.60907407407407
115.645
96.72148148148148
100.96962962962964
62.90222222222222
73.0287037037037
49.672777777777775
128.08537037037038
108.07296296296296
67.96111111111111
61.92444444444445
46.05111111111111
126.41259259259259
43.288518518518515
65.03574074074074
101.4674074074074
39.8112962962963
69.99388888888889
118.8924074074074
44.84166666666667
45.81055555555555
51.14666666666667
37.29944444444445
104.20444444444445
75.34851851851852
41.76481481481481
50.71666666666667
46.50925925925926
40.27092592592592
36.4837037037037
46.94425925925926
39.01759259259259
41.178333333333335
30.66611111111111
68.64351851851852
40.714814814814815
33.40425925925926
35.45351851851852
33.70648148148148
31.71074074074074
33.776666666666664
36.86037037037037
41.88
37.98
36.47796296296296
61.65555555555556
61.44851851851852
32.79240740740741
33.22833333333333
26.96074074074074
33.98462962962963
30.127962962962965
29.56111111111111
62.663333333333334
26.101111111111113
32.62740740740741
34.26777777777778
39.571481481481484
33.843333333333334
29.107777777777777
27.97388888888889
26.912592592592592
29.29740740740741
25.183518518518518
30.13425925925926
61.89925925925926
34.03296296296296
67.10092592592592
54.3412962962963
26.575925925925926
62.40925925925926
27.45111111111111
52.68962962962963
30.64388888888889
55.64888888888889
51.540925925925926
27.26796296296296
28.278333333333332
26.905185185185186
22.76425925925926
24.562407407407406
24.06388888888889
48.678703703703704
65.21351851851851
27.60796296296296
23.269444444444446
23.520185185185184
51.71592592592592
75.68611111111112
25.437037037037037
25.105
21.342037037037038
52.458333333333336
60.94962962962963
24.80462962962963
49.61925925925926
66.84407407407407
21.829074074074075
56.29481481481481
24.10074074074074
