-175250.0
-340757.0
-243383.0
-287208.0
-142746.0
-110818.0
-118091.0
-342047.0
-254150.0
-188733.0
-173159.0
-110679.0
-294357.0
-101578.0
-175990.0
-280560.0
-82220.0
-208118.0
-317818.0
-105731.0
-103161.0
-132879.0
-79813.0
-228024.0
-147830.0
-100159.0
-109946.0
-96346.0
-78994.0
-69003.0
-109423.0
-73171.0
-92469.0
-63293.0
-107664.0
-80920.0
-62203.0
-69205.0
-71428.0
-57905.0
-65518.0
-75095.0
-85098.0
-77019.0
-72602.0
-127623.0
-133079.0
-52008.0
-67010.0
-47870.0
-60354.0
-50695.0
-50540.0
-100266.0
-42242.0
-54254.0
-69499.0
-90633.0
-62867.0
-52406.0
-52508.0
-50429.0
-49061.0
-40910.0
-57618.0
-112890.0
-58555.0
-131482.0
-72724.0
-39216.0
-84482.0
-45577.0
-82205.0
-47453.0
-83021.0
-79641.0
-46054.0
-44334.0
-42589.0
-34046.0
-36325.0
-36007.0
-67694.0
-126427.0
-43032.0
-35982.0
-32685.0
-65492.0
-116345.0
-38951.0
-36767.0
-31038.0
-78027.0
-87849.0
-37030.0
-72876.0
-99816.0
-29574.0
-87206.0
-31446.0
