459.57351851851854
380.74203703703705
457.3038888888889
297.4916666666667
376.13314814814817
421.6412962962963
395.1225925925926
502.9725925925926
448.9840740740741
303.5175925925926
359.98833333333334
339.12074074074076
320.6303703703704
301.2316666666667
385.0174074074074
535.4811111111111
392.05685185185183
434.35314814814814
249.0712962962963
479.03444444444443
358.35037037037034
394.8912962962963
317.34814814814814
415.3131481481482
341.87703703703704
353.44981481481483
420.34277777777777
294.82074074074075
391.00851851851854
359.7261111111111
365.5274074074074
369.7438888888889
274.97870370370373
276.7640740740741
445.1198148148148
355.2953703703704
247.01592592592593
268.82037037037037
226.38407407407408
269.9225925925926
325.5187037037037
411.64814814814815
366.4953703703704
374.52
352.82074074074075
318.35703703703706
303.35407407407405
392.45203703703703
270.85277777777776
412.0401851851852
234.87851851851852
220.11277777777778
282.5096296296296
242.03314814814814
221.8111111111111
329.74648148148145
315.32314814814816
309.6875925925926
211.3887037037037
262.0287037037037
327.75388888888887
297.9101851851852
398.4959259259259
365.3768518518518
238.36925925925925
344.53407407407406
221.51111111111112
214.93685185185186
258.59222222222223
342.1351851851852
222.85037037037037
382.87
232.4175925925926
201.89814814814815
247.3062962962963
207.74055555555555
278.88537037037037
334.7198148148148
285.00814814814817
325.5188888888889
205.15777777777777
309.83814814814815
299.15537037037035
216.6287037037037
250.65833333333333
307.31518518518516
293.57296296296295
317.00851851851854
320.66925925925926
310.19851851851854
214.82981481481482
204.31592592592594
259.2424074074074
200.4662962962963
286.3361111111111
341.8890740740741
235.65685185185185
228.20074074074074
216.62203703703705
301.1475925925926
264.7683333333333
203.87666666666667
237.34037037037038
188.8061111111111
279.4785185185185
303.66962962962964
300.1735185185185
332.5024074074074
307.9637037037037
295.6405555555556
232.32481481481483
203.85
209.44925925925926
185.91185185185185
329.59185185185186
209.64962962962963
224.6912962962963
203.02685185185186
234.80092592592592
194.7072222222222
245.15907407407408
295.4922222222222
186.19
194.04981481481482
189.46277777777777
213.5638888888889
188.86296296296297
210.99166666666667
294.86685185185183
296.2061111111111
292.04203703703706
294.3146296296296
188.83388888888888
308.4248148148148
258.6972222222222
173.8337037037037
355.3796296296296
305.06203703703704
201.00518518518518
189.30351851851853
217.66814814814813
186.0274074074074
285.4148148148148
292.9166666666667
191.2364814814815
320.4198148148148
155.84648148148148
214.88296296296295
199.93407407407406
287.6364814814815
203.06074074074073
201.84685185185185
321.89722222222224
197.5274074074074
182.06425925925927
180.9387037037037
269.18074074074076
169.85518518518518
346.5733333333333
176.4874074074074
304.04314814814813
166.2101851851852
294.5701851851852
188.31074074074073
306.1322222222222
251.72296296296295
289.49833333333333
168.84462962962962
217.97518518518518
309.54277777777776
289.82203703703703
194.19814814814814
277.12888888888887
289.9422222222222
285.4
168.41333333333333
296.9548148148148
241.51537037037036
186.3862962962963
179.7714814814815
190.4951851851852
193.1211111111111
184.2211111111111
194.09055555555557
192.77462962962963
168.0298148148148
160.23388888888888
247.88148148148147
157.12
198.84666666666666
271.40907407407406
155.91722222222222
285.61277777777775
308.91592592592593
175.67388888888888
280.9024074074074
260.5751851851852
171.36537037037036
169.6424074074074
282.3137037037037
200.02370370370372
196.54037037037037
198.74944444444444
182.68777777777777
283.05925925925925
228.83907407407406
146.19981481481483
294.6712962962963
144.2212962962963
269.02129629629627
180.1938888888889
270.22555555555556
303.5422222222222
279.3312962962963
227.9914814814815
154.28796296296295
179.5562962962963
252.04925925925926
288.15777777777777
256.3512962962963
294.1085185185185
257.86796296296296
247.61592592592592
168.58351851851853
178.89962962962963
202.63611111111112
220.41092592592594
168.59796296296295
170.07777777777778
152.92888888888888
180.7724074074074
159.5462962962963
231.5811111111111
210.45888888888888
236.84592592592594
229.29018518518518
276.17518518518517
192.52574074074073
170.65425925925925
160.11481481481482
239.79555555555555
182.42092592592593
168.64462962962963
168.93944444444443
237.1685185185185
140.94611111111112
139.08481481481482
254.46148148148148
267.60277777777776
242.31666666666666
160.45
248.43462962962963
154.5038888888889
193.47407407407408
168.51055555555556
158.09944444444446
224.395
165.80037037037036
384.47333333333336
258.37944444444446
313.12296296296296
280.5437037037037
166.6611111111111
190.83592592592592
246.13796296296297
190.88425925925927
184.76425925925926
256.1125925925926
162.5712962962963
267.8775925925926
259.3888888888889
248.81574074074075
172.12351851851852
353.84037037037035
170.2
249.4974074074074
194.84777777777776
150.11888888888888
252.97611111111112
190.24648148148148
160.69944444444445
257.8425925925926
169.10814814814816
267.76166666666666
197.80925925925925
172.8548148148148
143.2061111111111
181.73166666666665
327.5337037037037
167.24592592592592
150.5425925925926
197.50407407407408
191.03351851851852
250.20796296296297
202.24092592592592
407.80685185185183
145.5698148148148
228.48592592592593
269.8883333333333
293.87611111111113
