-970095.0
-931650.0
-1128668.0
-622778.0
-836499.0
-1041363.0
-963332.0
-1298361.0
-1089610.0
-551840.0
-880105.0
-787242.0
-660600.0
-609018.0
-1050040.0
-1362526.0
-812394.0
-955199.0
-406089.0
-1048961.0
-607176.0
-776366.0
-595292.0
-792892.0
-628433.0
-790015.0
-890899.0
-579067.0
-934476.0
-585885.0
-711614.0
-684416.0
-463342.0
-626162.0
-979913.0
-580543.0
-431456.0
-435322.0
-365102.0
-459366.0
-625070.0
-819130.0
-643277.0
-665878.0
-523576.0
-668982.0
-546877.0
-660204.0
-491778.0
-759996.0
-341870.0
-288323.0
-509510.0
-392325.0
-310893.0
-501496.0
-613378.0
-591463.0
-323868.0
-549607.0
-583568.0
-596433.0
-826145.0
-601307.0
-490338.0
-908875.0
-378627.0
-327379.0
-612886.0
-509082.0
-373125.0
-744496.0
-500063.0
-337543.0
-437106.0
-344219.0
-577192.0
-546112.0
-697883.0
-491390.0
-285377.0
-490396.0
-695537.0
-300352.0
-504655.0
-465868.0
-506076.0
-470215.0
-593019.0
-573786.0
-392314.0
-326589.0
-620622.0
-335935.0
-521501.0
-712996.0
-367327.0
-355399.0
-439136.0
-510619.0
-653757.0
-350467.0
-401761.0
-361523.0
-634771.0
-500030.0
-547609.0
-644148.0
-521081.0
-563345.0
-430993.0
-433816.0
-360638.0
-301306.0
-652921.0
-409994.0
-373460.0
-281863.0
-482227.0
-369363.0
-531094.0
-569561.0
-363049.0
-465666.0
-318110.0
-369226.0
-303520.0
-440206.0
-503881.0
-580003.0
-500764.0
-507211.0
-334206.0
-594437.0
-570290.0
-272575.0
-883858.0
-503625.0
-412822.0
-282583.0
-423139.0
-263477.0
-485084.0
-516707.0
-331626.0
-688801.0
-285822.0
-500834.0
-474837.0
-459449.0
-420726.0
-427671.0
-744981.0
-356992.0
-409336.0
-322659.0
-507677.0
-339988.0
-800499.0
-346722.0
-678969.0
-304503.0
-734044.0
-348340.0
-702574.0
-451386.0
-650233.0
-294249.0
-460476.0
-761293.0
-615204.0
-388487.0
-549492.0
-502009.0
-463780.0
-233303.0
-510223.0
-439236.0
-333784.0
-297222.0
-275351.0
-385286.0
-313401.0
-412226.0
-293074.0
-226248.0
-268284.0
-464758.0
-259796.0
-355224.0
-519891.0
-227739.0
-431034.0
-671120.0
-339830.0
-562148.0
-513508.0
-309964.0
-230546.0
-422740.0
-359267.0
-401400.0
-385379.0
-331114.0
-687077.0
-486979.0
-224160.0
-506698.0
-221197.0
-560465.0
-295337.0
-563355.0
-549714.0
-681642.0
-402970.0
-300720.0
-285577.0
-403264.0
-608730.0
-513976.0
-655245.0
-419685.0
-456517.0
-232178.0
-337550.0
-454899.0
-501298.0
-310081.0
-273212.0
-189195.0
-339818.0
-340827.0
-566225.0
-447226.0
-418577.0
-629884.0
-462825.0
-403393.0
-300973.0
-304942.0
-410834.0
-335150.0
-269718.0
-267117.0
-479959.0
-202700.0
-216100.0
-500599.0
-479015.0
-540956.0
-347629.0
-486417.0
-215513.0
-290104.0
-348837.0
-254810.0
-456740.0
-292208.0
-958900.0
-425671.0
-646724.0
-625323.0
-227937.0
-338116.0
-471236.0
-368200.0
-372932.0
-562342.0
-281535.0
-403985.0
-609400.0
-499805.0
-280353.0
-809994.0
-290902.0
-455202.0
-398272.0
-251763.0
-458882.0
-485963.0
-267525.0
-470894.0
-375028.0
-592639.0
-418782.0
-344067.0
-261068.0
-420574.0
-935106.0
-291678.0
-237348.0
-415682.0
-502622.0
-524612.0
-535155.0
-1351265.0
-231843.0
-569674.0
-641558.0
-793623.0
