2481697
2056007
2469441
1606455
2031119
2276863
2133662
2716052
2424514
1638995
1943937
1831252
1731404
1626651
2079094
2891598
2117107
2345507
1344985
2586786
1935092
2132413
1713680
2242691
1846136
1908629
2269851
1592032
2111446
1942521
1973848
1996617
1484885
1494526
2403647
1918595
1333886
1451630
1222474
1457582
1757801
2222900
1979075
2022408
1905232
1719128
1638112
2119241
1462605
2225017
1268344
1188609
1525552
1306979
1197780
1780631
1702745
1672313
1141499
1414955
1769871
1608715
2151878
1973035
1287194
1860484
1196160
1160659
1396398
1847530
1203392
2067498
1255055
1090250
1335454
1121799
1505981
1807487
1539044
1757802
1107852
1673126
1615439
1169795
1353555
1659502
1585294
1711846
1731614
1675072
1160081
1103306
1399909
1082518
1546215
1846201
1272547
1232284
1169759
1626197
1429749
1100934
1281638
1019553
1509184
1639816
1620937
1795513
1663004
1596459
1254554
1100790
1131026
1003924
1779796
1132108
1213333
1096345
1267925
1051419
1323859
1595658
1005426
1047869
1023099
1153245
1019860
1139355
1592281
1599513
1577027
1589299
1019703
1665494
1396965
938702
1919050
1647335
1085428
1022239
1175408
1004548
1541240
1581750
1032677
1730267
841571
1160368
1079644
1553237
1096528
1089973
1738245
1066648
983147
977069
1453576
917218
1871496
953032
1641833
897535
1590679
1016878
1653114
1359304
1563291
911761
1177066
1671531
1565039
1048670
1496496
1565688
1541160
909432
1603556
1304183
1006486
970766
1028674
1042854
994794
1048089
1040983
907361
865263
1338560
848448
1073772
1465609
841953
1542309
1668146
948639
1516873
1407106
925373
916069
1524494
1080128
1061318
1073247
986514
1528520
1235731
789479
1591225
778795
1452715
973047
1459218
1639128
1508389
1231154
833155
969604
1361066
1556052
1384297
1588186
1392487
1337126
910351
966058
1094235
1190219
910429
918420
825816
976171
861550
1250538
1136478
1278968
1238167
1491346
1039639
921533
864620
1294896
985073
910681
912273
1280710
761109
751058
1374092
1445055
1308510
866430
1341547
834321
1044760
909957
853737
1211733
895322
2076156
1395249
1690864
1514936
899970
1030514
1329145
1030775
997727
1383008
877885
1446539
1400700
1343605
929467
1910738
919080
1347286
1052178
810642
1366071
1027331
867777
1392350
913184
1445913
1068170
933416
773313
981351
1768682
903128
812930
1066522
1031581
1351123
1092101
2202157
786077
1233824
1457397
1586931
