-64069.0
-39230.0
-99097.0
-42071.0
-55727.0
-52524.0
-47674.0
-53664.0
-32508.0
-42363.0
-47271.0
-52521.0
-37290.0
-45232.0
-38471.0
-40069.0
-47408.0
-52847.0
-35364.0
-50475.0
-39347.0
-34737.0
-27944.0
-34585.0
-26060.0
-38716.0
-26816.0
-32960.0
-25096.0
-34359.0
-27250.0
-36027.0
-29265.0
-23222.0
-26320.0
-30806.0
-23305.0
-26887.0
-27737.0
-27481.0
-27699.0
-32381.0
-19952.0
-21677.0
-18740.0
-25040.0
-29874.0
-22621.0
-21824.0
-21469.0
-25567.0
-20337.0
-29137.0
-16158.0
-21959.0
-19810.0
-21060.0
-19976.0
-15930.0
-18785.0
-20311.0
-17068.0
-19139.0
-18321.0
-13838.0
-17263.0
-16466.0
-15868.0
-20593.0
-18375.0
-16140.0
-16281.0
-17315.0
-17413.0
-16709.0
-17584.0
-13343.0
-20485.0
-13326.0
-12959.0
-16194.0
-18005.0
-11295.0
-18614.0
-13204.0
-11599.0
-17358.0
-12916.0
-13934.0
-13914.0
-15513.0
-10553.0
-14296.0
-11445.0
-12355.0
-10115.0
-11217.0
-11374.0
-12085.0
-8862.0
