18.776296296296298
13.126666666666667
28.37388888888889
13.510925925925926
16.63222222222222
15.956666666666667
14.659074074074073
15.95425925925926
11.328518518518518
13.490370370370371
14.257407407407408
15.916296296296297
12.263333333333334
13.993333333333334
12.405
13.431296296296296
16.048148148148147
16.08111111111111
12.421296296296296
17.339259259259258
12.613333333333333
11.999629629629629
10.210925925925926
13.696851851851852
10.158888888888889
14.031666666666666
10.797222222222222
11.305
10.002222222222223
11.971851851851852
10.831851851851852
13.42925925925926
10.353148148148149
9.301481481481481
10.353148148148149
11.025185185185185
10.627962962962963
10.991296296296296
10.287592592592592
10.324074074074074
10.24611111111111
11.410185185185185
8.539814814814815
9.166666666666666
9.017777777777777
9.79888888888889
10.95425925925926
8.949814814814815
8.910925925925927
9.91
9.513518518518518
8.914814814814815
10.852777777777778
7.83925925925926
8.860555555555555
8.547222222222222
9.57462962962963
8.567222222222222
7.8966666666666665
9.129074074074074
8.688148148148148
8.405185185185186
8.480185185185185
8.091666666666667
7.105
7.977777777777778
8.400555555555556
7.806666666666667
8.754814814814814
8.476851851851851
7.732962962962963
7.852777777777778
8.072962962962963
7.773148148148148
8.576296296296297
7.892222222222222
7.876666666666667
8.610185185185186
7.278518518518519
7.243703703703703
8.559444444444445
8.122407407407408
7.662037037037037
8.163148148148148
7.282037037037037
6.70074074074074
8.72425925925926
7.002962962962963
7.464444444444444
7.531666666666666
7.604629629629629
6.533148148148148
7.1066666666666665
6.987222222222222
6.955925925925926
7.131481481481481
6.935555555555555
7.3244444444444445
7.0542592592592595
6.608148148148148
