101392
70884
153219
72959
89814
86166
79159
86153
61174
72848
76990
85948
66222
75564
66987
72529
86660
86838
67075
93632
68112
64798
55139
73963
54858
75771
58305
61047
54012
64648
58492
72518
55907
50228
55907
59536
57391
59353
55553
55750
55329
61615
46115
49500
48696
52914
59153
48329
48119
53514
51373
48140
58605
42332
47847
46155
51703
46263
42642
49297
46916
45388
45793
43695
38367
43080
45363
42156
47276
45775
41758
42405
43594
41975
46312
42618
42534
46495
39304
39116
46221
43861
41375
44081
39323
36184
47111
37816
40308
40671
41065
35279
38376
37731
37562
38510
37452
39552
38093
35684
