381.43981481481484
226.92166666666665
347.6359259259259
224.13907407407407
224.79111111111112
367.8762962962963
432.685
309.9303703703704
277.6227777777778
327.39444444444445
255.3724074074074
213.38407407407408
267.455
258.4075925925926
264.892037037037
173.8925925925926
196.59074074074073
182.3148148148148
295.5581481481481
176.72351851851852
276.6011111111111
234.95444444444445
198.13703703703703
261.83666666666664
217.74925925925925
298.42944444444447
218.05796296296296
191.2711111111111
329.4981481481482
270.8877777777778
223.7422222222222
242.5940740740741
181.56944444444446
247.11592592592592
174.8824074074074
204.4525925925926
263.7637037037037
159.35944444444445
122.84481481481481
152.48611111111111
145.10129629629628
188.57925925925926
249.86296296296297
173.90351851851852
272.23333333333335
244.83185185185187
151.87925925925927
160.35685185185184
153.0388888888889
250.13425925925927
241.7925925925926
155.22944444444445
227.09555555555556
152.93759259259258
267.30333333333334
232.93333333333334
190.4485185185185
141.82222222222222
246.3914814814815
151.85796296296297
137.4038888888889
162.6648148148148
180.43740740740742
158.38203703703704
133.8574074074074
163.5462962962963
297.2785185185185
125.48462962962962
280.1612962962963
175.28333333333333
130.27814814814815
149.845
228.64481481481482
222.87296296296296
239.61851851851853
209.4148148148148
135.69611111111112
217.85462962962964
306.9144444444444
115.4588888888889
226.20074074074074
109.45314814814814
238.76574074074074
265.5957407407407
233.58796296296296
218.405
221.04666666666665
236.59703703703704
630.1625925925925
132.39925925925925
252.38444444444445
128.24166666666667
126.76425925925926
268.85203703703706
242.03555555555556
253.93092592592592
236.75555555555556
219.35166666666666
239.25611111111112
201.215
