2059775
1225377
1877234
1210351
1213872
1986532
2336499
1673624
1499163
1767930
1379011
1152274
1444257
1395401
1430417
939020
1061590
984500
1596014
954307
1493646
1268754
1069940
1413918
1175846
1611519
1177513
1032864
1779290
1462794
1208208
1310008
980475
1334426
944365
1104044
1424324
860541
663362
823425
783547
1018328
1349260
939079
1470060
1322092
820148
865927
826410
1350725
1305680
838239
1226316
825863
1443438
1257840
1028422
765840
1330514
820033
741981
878390
974362
855263
722830
883150
1605304
677617
1512871
946530
703502
809163
1234682
1203514
1293940
1130840
732759
1176415
1657338
623478
1221484
591047
1289335
1434217
1261375
1179387
1193652
1277624
3402878
714956
1362876
692505
684527
1451801
1306992
1371227
1278480
1184499
1291983
1086561
