-877735.0
-493189.0
-976845.0
-650327.0
-500761.0
-835752.0
-1145149.0
-1048060.0
-453891.0
-695906.0
-432251.0
-520003.0
-385254.0
-436408.0
-440890.0
-293269.0
-385555.0
-306156.0
-589969.0
-393006.0
-594460.0
-439216.0
-330975.0
-462402.0
-551752.0
-695889.0
-522456.0
-403488.0
-771224.0
-520809.0
-590510.0
-420630.0
-422985.0
-449326.0
-370745.0
-501281.0
-626604.0
-261066.0
-195255.0
-244702.0
-274903.0
-366742.0
-461993.0
-377228.0
-591664.0
-514125.0
-219865.0
-333416.0
-271108.0
-397734.0
-488081.0
-365381.0
-349350.0
-282060.0
-586183.0
-445007.0
-368715.0
-183666.0
-461989.0
-337896.0
-269588.0
-330191.0
-403548.0
-385060.0
-257120.0
-336642.0
-685241.0
-220274.0
-468180.0
-379024.0
-207634.0
-298952.0
-401193.0
-387147.0
-358390.0
-330716.0
-247542.0
-512400.0
-702788.0
-191309.0
-578487.0
-206958.0
-494609.0
-544352.0
-431693.0
-456477.0
-585576.0
-473478.0
-2213508.0
-230237.0
-448616.0
-204251.0
-221026.0
-570747.0
-472024.0
-425583.0
-502625.0
-339066.0
-444142.0
-485291.0
