-1185640.0
-1928036.0
-542663.0
-1412720.0
-948997.0
-1113519.0
-791152.0
-1519949.0
-1004420.0
-591259.0
-640339.0
-453538.0
-966488.0
-815208.0
-761368.0
-1190074.0
-833854.0
-963465.0
-662085.0
-485942.0
-1002176.0
-584835.0
-712867.0
-975527.0
-643244.0
-654517.0
-597448.0
-763384.0
-587525.0
-739829.0
-571184.0
-632186.0
-760408.0
-718752.0
-715138.0
-694722.0
-799857.0
-638401.0
-631524.0
-512102.0
-610412.0
-707093.0
-773974.0
-609987.0
-750545.0
-575241.0
-696668.0
-484299.0
-683572.0
-805452.0
-688323.0
-732808.0
-796515.0
-960141.0
-982636.0
-588080.0
-1382477.0
-598830.0
-555601.0
-643153.0
-480888.0
-509263.0
-619252.0
-821952.0
-843814.0
-915992.0
-935802.0
-728113.0
-521312.0
-952876.0
-647849.0
-810746.0
-964648.0
-710763.0
-981011.0
-956699.0
-777494.0
-892589.0
-483600.0
-929582.0
-726064.0
-999894.0
-945130.0
-523130.0
-578036.0
-643760.0
-1535622.0
-698824.0
-1297514.0
-668596.0
-576311.0
-733209.0
-697461.0
-462585.0
-861828.0
-1118045.0
-805450.0
-1027563.0
-446804.0
-708846.0
