2584754
3679831
1896676
3211454
2543909
2806657
2412569
3494569
2533691
1694363
1789975
1635082
2547883
2309922
2437334
2874399
2226828
2586160
2294972
1819322
2399080
2122581
2311338
2410085
2228042
2325495
2227762
2394422
1805636
2037032
1812473
2002200
2261986
2351899
2342989
2084917
2307676
1862341
2199455
1723059
2226294
2181510
2319777
1740538
2002606
2041700
1836609
1569028
2145732
2291411
2162963
2252961
1896649
2339042
2213186
1745230
2735360
1861082
1618482
2012225
1637065
1613218
2123816
2302052
1881852
2343319
2463497
1895339
1690108
1968763
1797765
2307107
2277153
2288848
2166981
2200691
1935788
2141956
1566006
2384519
2166911
2364593
2241082
1640444
1734893
1695026
2948175
1639909
2848801
1634468
1957073
1762773
2146993
1640539
1879845
2410215
1999082
2285553
1530749
1992929
