478.65814814814814
681.4501851851852
351.2362962962963
594.7137037037037
471.0942592592593
519.7512962962963
446.772037037037
647.1424074074074
469.20203703703703
313.77092592592595
331.47685185185185
302.792962962963
471.8301851851852
427.7633333333333
451.35814814814813
532.2961111111111
412.37555555555554
478.9185185185185
424.9948148148148
336.9114814814815
444.27407407407406
393.07055555555553
428.02555555555557
446.31203703703704
412.60037037037034
430.64722222222224
412.5485185185185
443.4114814814815
334.37703703703704
377.22814814814814
335.64314814814816
370.77777777777777
418.8862962962963
435.53685185185185
433.8868518518519
386.0957407407407
427.3474074074074
344.87796296296295
407.30648148148146
319.085
412.27666666666664
403.98333333333335
429.5883333333333
322.3218518518519
370.852962962963
378.0925925925926
340.11277777777775
290.56074074074075
397.35777777777776
424.33537037037036
400.5487037037037
417.215
351.2312962962963
433.15592592592594
409.84925925925927
323.19074074074075
506.54814814814813
344.6448148148148
299.7188888888889
372.63425925925924
303.1601851851852
298.7440740740741
393.29925925925926
426.3059259259259
348.49111111111114
433.94796296296295
456.20314814814816
350.9887037037037
312.982962962963
364.58574074074073
332.9194444444444
427.24203703703705
421.695
423.86074074074077
401.29277777777776
407.53537037037034
358.47925925925927
396.6585185185185
290.00111111111113
441.57759259259257
401.2798148148148
437.88759259259257
415.0151851851852
303.78592592592594
321.2764814814815
313.8937037037037
545.9583333333334
303.6868518518518
527.5557407407407
302.67925925925925
362.4209259259259
326.43944444444446
397.5912962962963
303.8035185185185
348.11944444444447
446.3361111111111
370.20037037037036
423.25055555555554
283.472037037037
369.0609259259259
