384145
283407
460430
305428
384445
414840
257479
351996
379367
323060
354116
253158
328463
302702
271594
284751
284009
301347
254124
319611
286184
285276
241730
269755
266818
282591
256656
277928
219318
255306
225719
260288
297796
216797
252520
223497
201018
253811
231687
221161
191533
223010
209143
297927
200117
201677
278300
188008
214470
202228
258910
250917
244540
218547
174404
225686
224780
314586
187211
174443
200888
262452
207117
165557
174970
205598
157074
172716
179850
182897
172983
174240
184533
168746
175660
168109
179818
202587
166917
193248
246276
186596
160928
187810
167689
165776
195013
180969
175801
155206
260952
160596
189845
176685
174370
152730
170266
157136
185551
148830
