256.0966666666667
188.938
306.9533333333333
203.61866666666666
256.2966666666667
276.56
171.65266666666668
234.664
252.91133333333335
215.37333333333333
236.07733333333334
168.772
218.97533333333334
201.80133333333333
181.06266666666667
189.834
189.33933333333334
200.898
169.416
213.074
190.78933333333333
190.184
161.15333333333334
179.83666666666667
177.87866666666667
188.394
171.104
185.28533333333334
146.212
170.204
150.47933333333333
173.52533333333332
198.53066666666666
144.53133333333332
168.34666666666666
148.998
134.012
169.20733333333334
154.458
147.44066666666666
127.68866666666666
148.67333333333335
139.42866666666666
198.618
133.41133333333335
134.45133333333334
185.53333333333333
125.33866666666667
142.98
134.81866666666667
172.60666666666665
167.278
163.02666666666667
145.698
116.26933333333334
150.45733333333334
149.85333333333332
209.724
124.80733333333333
116.29533333333333
133.92533333333333
174.968
138.078
110.37133333333334
116.64666666666666
137.06533333333334
104.716
115.144
119.9
121.93133333333333
115.322
116.16
123.022
112.49733333333333
117.10666666666667
112.07266666666666
119.87866666666666
135.058
111.278
128.832
164.184
124.39733333333334
107.28533333333333
125.20666666666666
111.79266666666666
110.51733333333334
130.00866666666667
120.646
117.20066666666666
103.47066666666667
173.968
107.064
126.56333333333333
117.79
116.24666666666667
101.82
113.51066666666667
104.75733333333334
123.70066666666666
99.22
