-199680.0
-108455.0
-249728.0
-100416.0
-184419.0
-179307.0
-86944.0
-203611.0
-145761.0
-154205.0
-175172.0
-84661.0
-153141.0
-120090.0
-90666.0
-118279.0
-123704.0
-127657.0
-84936.0
-147162.0
-104772.0
-130342.0
-74105.0
-85472.0
-80290.0
-91594.0
-106000.0
-112762.0
-69322.0
-89257.0
-60656.0
-89191.0
-111165.0
-61938.0
-111825.0
-68089.0
-72083.0
-91168.0
-85999.0
-88841.0
-59632.0
-60843.0
-90860.0
-119984.0
-82120.0
-69253.0
-97354.0
-64709.0
-75133.0
-83331.0
-88469.0
-88005.0
-82007.0
-86621.0
-56380.0
-75342.0
-86035.0
-103500.0
-61427.0
-51942.0
-67154.0
-94869.0
-72882.0
-61286.0
-67326.0
-75527.0
-60912.0
-56442.0
-53107.0
-68237.0
-51175.0
-52853.0
-52793.0
-62616.0
-63797.0
-52922.0
-65845.0
-74760.0
-47080.0
-66932.0
-107666.0
-62163.0
-63367.0
-74826.0
-66372.0
-59621.0
-58363.0
-57242.0
-66659.0
-56396.0
-118777.0
-57391.0
-75270.0
-79236.0
-76050.0
-54770.0
-64538.0
-53858.0
-65503.0
-59460.0
