419.91462962962964
509.72814814814814
252.1472222222222
301.7
282.44444444444446
288.34462962962965
348.16555555555556
305.8212962962963
359.72870370370373
331.12944444444446
238.81833333333333
376.2998148148148
267.5335185185185
405.41962962962964
298.10148148148147
293.16314814814814
333.05055555555555
332.86944444444447
229.25351851851852
322.97592592592594
254.5012962962963
303.72555555555556
337.39296296296294
317.76203703703703
379.9890740740741
369.2605555555556
368.2448148148148
213.5601851851852
248.26407407407407
258.7738888888889
338.27666666666664
216.3874074074074
286.87333333333333
244.99555555555557
364.1748148148148
351.31111111111113
257.1685185185185
301.47870370370373
352.7496296296296
254.82222222222222
320.14296296296294
326.5622222222222
257.9368518518518
229.24166666666667
261.8507407407407
375.3864814814815
280.3425925925926
341.8659259259259
349.30574074074076
365.4062962962963
323.72814814814814
361.96777777777777
364.74074074074076
367.1374074074074
239.95685185185187
316.2998148148148
347.3522222222222
241.8661111111111
353.2972222222222
357.5053703703704
236.2801851851852
246.2537037037037
204.67296296296297
339.4403703703704
248.85296296296298
227.8975925925926
205.76
218.35296296296298
330.3598148148148
235.3061111111111
397.34462962962965
229.2425925925926
251.72055555555556
372.08629629629627
327.7105555555556
237.79611111111112
217.07888888888888
323.74685185185183
245.08296296296297
217.87166666666667
261.68018518518517
566.8811111111111
322.8040740740741
471.2427777777778
339.4737037037037
319.4175925925926
333.9474074074074
333.2212962962963
366.5164814814815
294.8933333333333
294.4162962962963
356.7564814814815
303.0898148148148
242.73851851851853
347.2733333333333
327.8603703703704
246.13222222222223
241.6048148148148
250.97444444444446
331.722962962963
