2267539
2752532
1361595
1629180
1525200
1557061
1880094
1651435
1942535
1788099
1289619
2032019
1444681
2189266
1609748
1583081
1798473
1797495
1237969
1744070
1374307
1640118
1821922
1715915
2051941
1994007
1988522
1153225
1340626
1397379
1826694
1168492
1549116
1322976
1966544
1897080
1388710
1627985
1904848
1376040
1728772
1763436
1392859
1237905
1413994
2027087
1513850
1846076
1886251
1973194
1748132
1954626
1969600
1982542
1295767
1708019
1875702
1306077
1907805
1930529
1275913
1329770
1105234
1832978
1343806
1230647
1111104
1179106
1783943
1270653
2145661
1237910
1359291
2009266
1769637
1284099
1172226
1748233
1323448
1176507
1413073
3061158
1743142
2544711
1833158
1724855
1803316
1799395
1979189
1592424
1589848
1926485
1636685
1310788
1875276
1770446
1329114
1304666
1355262
1791304
