-1013900.0
-1199264.0
-440914.0
-555645.0
-605500.0
-469228.0
-684414.0
-863748.0
-813996.0
-740557.0
-386423.0
-844006.0
-377773.0
-820246.0
-620753.0
-634878.0
-727696.0
-820676.0
-323703.0
-840519.0
-526614.0
-706975.0
-611387.0
-648382.0
-814829.0
-688487.0
-707194.0
-379216.0
-495172.0
-549435.0
-498758.0
-362478.0
-613359.0
-494323.0
-665175.0
-663978.0
-429277.0
-756604.0
-938426.0
-574712.0
-667304.0
-550765.0
-607110.0
-372491.0
-503150.0
-830800.0
-524900.0
-616606.0
-603352.0
-736890.0
-720284.0
-904482.0
-727834.0
-727491.0
-519014.0
-843972.0
-913221.0
-518813.0
-682754.0
-697495.0
-548708.0
-355555.0
-366700.0
-660702.0
-604546.0
-405880.0
-344428.0
-431837.0
-736878.0
-534292.0
-900138.0
-453726.0
-360235.0
-837562.0
-514620.0
-503386.0
-438099.0
-659824.0
-503422.0
-495117.0
-634138.0
-2173704.0
-748868.0
-1512886.0
-578591.0
-662913.0
-746582.0
-765999.0
-858426.0
-764017.0
-666594.0
-888178.0
-487966.0
-476481.0
-737902.0
-606510.0
-563007.0
-578123.0
-571959.0
-693811.0
