29.941666666666666
22.7
25.920925925925925
31.61925925925926
23.69925925925926
19.356666666666666
23.871111111111112
19.75759259259259
28.046481481481482
20.894074074074073
22.761666666666667
20.66611111111111
21.889444444444443
24.993703703703705
27.63962962962963
21.199444444444445
26.567962962962962
25.78814814814815
24.505925925925926
17.73111111111111
20.163703703703703
18.68166666666667
18.160185185185185
36.465185185185184
16.01703703703704
14.796296296296296
25.52314814814815
24.69611111111111
16.64203703703704
15.880925925925926
17.559074074074076
17.161851851851853
16.124814814814815
20.43
21.197407407407407
15.888148148148149
17.579814814814814
15.593148148148147
16.780925925925924
15.583703703703703
15.182037037037038
18.99888888888889
29.404814814814817
13.12
15.152777777777779
14.118333333333334
15.86888888888889
14.192592592592593
13.486666666666666
13.528333333333334
15.33388888888889
13.132407407407408
13.434814814814814
14.316851851851851
14.64462962962963
13.008703703703704
12.160370370370371
13.313703703703704
14.513148148148149
12.130185185185185
12.385
11.95037037037037
20.355555555555554
13.833703703703703
12.135185185185184
11.624629629629629
11.97
12.702592592592593
11.991666666666667
12.354259259259258
11.04962962962963
10.962407407407408
11.37962962962963
11.166296296296297
13.427037037037037
13.723888888888888
11.927592592592593
14.59
11.446666666666667
10.415
10.268888888888888
10.83611111111111
10.542037037037037
10.403703703703703
11.201296296296297
12.75851851851852
9.76037037037037
10.357777777777779
14.16
10.562037037037037
10.358333333333333
10.007592592592593
10.217222222222222
10.740925925925925
10.405555555555555
9.814814814814815
9.982037037037037
9.835925925925926
10.571851851851852
10.3
