161685
122580
139973
170744
127976
104526
128904
106691
151451
112828
122913
111597
118203
134966
149254
114477
143467
139256
132332
95748
108884
100881
98065
196912
86492
79900
137825
133359
89867
85757
94819
92674
87074
110322
114466
85796
94931
84203
90617
84152
81983
102594
158786
70848
81825
76239
85692
76640
72828
73053
82803
70915
72548
77311
79081
70247
65666
71894
78371
65503
66879
64532
109920
74702
65530
62773
64638
68594
64755
66713
59668
59197
61450
60298
72506
74109
64409
78786
61812
56241
55452
58515
56927
56180
60487
68896
52706
55932
76464
57035
55935
54041
55173
58001
56190
53000
53903
53114
57088
55620
