-94107.0
-67687.0
-85015.0
-83108.0
-74047.0
-54434.0
-78506.0
-59094.0
-75472.0
-62176.0
-70734.0
-61006.0
-65441.0
-68917.0
-75844.0
-56321.0
-68026.0
-65869.0
-59636.0
-51648.0
-60327.0
-54353.0
-44180.0
-99591.0
-41319.0
-38647.0
-60821.0
-61533.0
-43993.0
-39535.0
-48825.0
-45162.0
-41643.0
-58595.0
-44912.0
-39861.0
-42734.0
-40893.0
-33818.0
-39844.0
-27368.0
-39690.0
-83672.0
-27744.0
-37604.0
-35737.0
-33503.0
-34543.0
-31237.0
-28142.0
-27333.0
-29936.0
-30066.0
-35219.0
-28661.0
-26976.0
-23780.0
-30113.0
-35640.0
-27888.0
-24820.0
-24042.0
-43193.0
-33540.0
-24651.0
-22448.0
-26763.0
-26834.0
-24428.0
-26026.0
-20948.0
-22668.0
-22731.0
-23129.0
-30164.0
-23219.0
-26522.0
-28011.0
-22004.0
-18235.0
-16587.0
-21929.0
-16864.0
-19431.0
-21232.0
-18759.0
-16610.0
-20793.0
-22061.0
-20389.0
-18719.0
-16288.0
-17805.0
-17079.0
-18283.0
-16832.0
-17707.0
-16399.0
-17513.0
-17752.0
